Total number of independent runs: 100
Average total items pushed: 292.03
Average total items checked: 213.5
Average path cost of solution: 11.86
Max total items pushed: 1500
Max total items checked: 1500
Percentage failed: 6.999999999999995
Max path cost of solution: 100


[[[[0, 1, 2, 3, 4, 5, 6, 7, 8], '^>>v<<^^'], 396, 230, 8, True], [[[0, 1, 2, 3, 4, 5, 6, 7, 8], '^>^<v<^'], 217, 125, 7, True], [[[0, 1, 2, 3, 4, 5, 6, 7, 8], '<<v>^<'], 102, 58, 6, True], [[[0, 1, 2, 3, 4, 5, 6, 7, 8], '<v>v<^<^'], 381, 219, 8, True], [[[2, 1, 6, 3, 8, 0, 7, 5, 4], 'v>^<v>v<^>'], 1500, 1500, 100, False], [[[0, 1, 2, 3, 4, 5, 6, 7, 8], '^>^<v>v<^^'], 1049, 617, 10, True], [[[0, 1, 2, 3, 4, 5, 6, 7, 8], 'v<^^'], 50, 28, 4, True], [[[0, 1, 2, 3, 4, 5, 6, 7, 8], 'vv<^>^<'], 245, 145, 7, True], [[[0, 1, 2, 3, 4, 5, 6, 7, 8], '^>v>v<<^^'], 751, 421, 9, True], [[[0, 1, 2, 3, 4, 5, 6, 7, 8], 'vv<^<^>v<^'], 862, 488, 10, True], [[[0, 1, 2, 3, 4, 5, 6, 7, 8], '<^<'], 31, 19, 3, True], [[[0, 1, 2, 3, 4, 5, 6, 7, 8], '^^<<'], 46, 28, 4, True], [[[0, 1, 2, 3, 4, 5, 6, 7, 8], 'v<<^>^<'], 264, 158, 7, True], [[[0, 1, 2, 3, 4, 5, 6, 7, 8], 'vv<^^'], 61, 35, 5, True], [[[0, 1, 2, 3, 4, 5, 6, 7, 8], '^^<<'], 46, 28, 4, True], [[[0, 1, 2, 3, 4, 5, 6, 7, 8], '^^<<'], 46, 28, 4, True], [[[0, 1, 2, 3, 4, 5, 6, 7, 8], 'v<^'], 19, 11, 3, True], [[[0, 1, 2, 3, 4, 5, 6, 7, 8], '>>v<^<'], 102, 58, 6, True], [[[0, 1, 2, 3, 4, 5, 6, 7, 8], 'vv<^^'], 61, 35, 5, True], [[[0, 1, 2, 3, 4, 5, 6, 7, 8], '<<v>^<^'], 248, 146, 7, True], [[[0, 1, 2, 3, 4, 5, 6, 7, 8], '>^^<<'], 68, 40, 5, True], [[[0, 1, 2, 3, 4, 5, 6, 7, 8], 'v>^>^<<'], 249, 147, 7, True], [[[0, 1, 2, 3, 4, 5, 6, 7, 8], '<^>vv<<^^'], 696, 390, 9, True], [[[0, 1, 2, 3, 4, 5, 6, 7, 8], '<v>v<^<^'], 381, 219, 8, True], [[[0, 1, 2, 3, 4, 5, 6, 7, 8], '<vv<^^'], 153, 89, 6, True], [[[0, 1, 2, 3, 4, 5, 6, 7, 8], '<^<^'], 44, 26, 4, True], [[[0, 1, 2, 3, 4, 5, 6, 7, 8], '>^<^>v<^'], 353, 203, 8, True], [[[0, 1, 2, 3, 4, 5, 6, 7, 8], 'v<<^>vv<^^'], 1172, 692, 10, True], [[[0, 1, 2, 3, 4, 5, 6, 7, 8], 'v<<^'], 30, 16, 4, True], [[[0, 1, 2, 3, 4, 5, 6, 7, 8], '>^^<'], 39, 23, 4, True], [[[0, 1, 2, 3, 4, 5, 6, 7, 8], 'v<<^>^<'], 264, 158, 7, True], [[[0, 1, 2, 3, 4, 5, 6, 7, 8], '>^^>v<^<'], 440, 264, 8, True], [[[0, 1, 2, 3, 4, 5, 6, 7, 8], '>^^<'], 39, 23, 4, True], [[[0, 1, 2, 3, 4, 5, 6, 7, 8], 'v<^^'], 50, 28, 4, True], [[[0, 1, 2, 3, 4, 5, 6, 7, 8], '>v<^<^'], 164, 96, 6, True], [[[0, 1, 2, 3, 4, 5, 6, 7, 8], '<v>^<<'], 103, 59, 6, True], [[[0, 1, 2, 3, 4, 5, 6, 7, 8], '^<vv>^>^<<'], 1465, 839, 10, True], [[[0, 1, 2, 3, 4, 5, 6, 7, 8], 'v<^^'], 50, 28, 4, True], [[[6, 3, 4, 8, 0, 1, 7, 5, 2], '^<vv>>^^<v'], 1500, 1500, 100, False], [[[0, 1, 2, 3, 4, 5, 6, 7, 8], '^<'], 16, 10, 2, True], [[[0, 1, 2, 3, 4, 5, 6, 7, 8], '>^<^'], 44, 26, 4, True], [[[0, 1, 2, 3, 4, 5, 6, 7, 8], '>>^<^<'], 102, 58, 6, True], [[[0, 1, 2, 3, 4, 5, 6, 7, 8], '<<'], 10, 6, 2, True], [[[0, 1, 2, 3, 4, 5, 6, 7, 8], '<<^^'], 33, 19, 4, True], [[[0, 1, 2, 3, 4, 5, 6, 7, 8], 'v>^<'], 37, 21, 4, True], [[[0, 1, 2, 3, 4, 5, 6, 7, 8], 'v<<^>>^<<'], 735, 411, 9, True], [[[0, 1, 2, 3, 4, 5, 6, 7, 8], '>v<<^'], 91, 53, 5, True], [[[0, 1, 2, 3, 4, 5, 6, 7, 8], '>^<^'], 44, 26, 4, True], [[[0, 1, 2, 3, 4, 5, 6, 7, 8], '<<v>^<'], 102, 58, 6, True], [[[0, 1, 2, 3, 4, 5, 6, 7, 8], '>v<^'], 44, 26, 4, True], [[[6, 1, 2, 4, 7, 3, 5, 0, 8], '^>>v<v<^>v'], 1500, 1500, 100, False], [[[0, 1, 2, 3, 4, 5, 6, 7, 8], 'v<^^<'], 68, 40, 5, True], [[[0, 1, 2, 3, 4, 5, 6, 7, 8], '^>v<^'], 85, 51, 5, True], [[[7, 6, 2, 3, 4, 5, 8, 0, 1], '^<<v>v<^>v'], 1500, 1500, 100, False], [[[0, 1, 2, 3, 4, 5, 6, 7, 8], '>v<^<'], 102, 60, 5, True], [[[0, 1, 2, 3, 4, 5, 6, 7, 8], '>v<v<^^'], 286, 172, 7, True], [[[0, 1, 2, 3, 4, 5, 6, 7, 8], '^^<v<^'], 126, 74, 6, True], [[[0, 1, 2, 3, 4, 5, 6, 7, 8], '^^>v<^<'], 215, 123, 7, True], [[[0, 1, 2, 3, 4, 5, 6, 7, 8], 'v<<^^'], 64, 38, 5, True], [[[0, 1, 2, 3, 4, 5, 6, 7, 8], '<'], 3, 2, 1, True], [[[0, 1, 2, 3, 4, 5, 6, 7, 8], '^^<<'], 46, 28, 4, True], [[[0, 1, 2, 3, 4, 5, 6, 7, 8], 'vv>^^<<'], 279, 167, 7, True], [[[0, 1, 2, 3, 4, 5, 6, 7, 8], '<^<'], 31, 19, 3, True], [[[0, 1, 2, 3, 4, 5, 6, 7, 8], '^<'], 16, 10, 2, True], [[[0, 1, 2, 3, 4, 5, 6, 7, 8], '<v>^<'], 103, 61, 5, True], [[[0, 1, 2, 3, 4, 5, 6, 7, 8], '^<<'], 28, 16, 3, True], [[[0, 1, 2, 3, 4, 5, 6, 7, 8], '<^^<'], 39, 23, 4, True], [[[0, 1, 2, 3, 4, 5, 6, 7, 8], '^^'], 9, 5, 2, True], [[[0, 1, 2, 3, 4, 5, 6, 7, 8], '^<<^'], 30, 16, 4, True], [[[0, 1, 2, 3, 4, 5, 6, 7, 8], '<^^'], 25, 17, 3, True], [[[0, 1, 2, 3, 4, 5, 6, 7, 8], '<^^'], 25, 17, 3, True], [[[0, 1, 2, 3, 4, 5, 6, 7, 8], '<^^<'], 39, 23, 4, True], [[[0, 1, 2, 3, 4, 5, 6, 7, 8], '<<^^>vv<^^'], 1402, 830, 10, True], [[[0, 1, 2, 3, 4, 5, 6, 7, 8], '<^<^'], 44, 26, 4, True], [[[0, 1, 2, 3, 4, 5, 6, 7, 8], '<<'], 10, 6, 2, True], [[[0, 1, 2, 3, 4, 5, 6, 7, 8], 'v>^^<'], 68, 40, 5, True], [[[0, 1, 2, 3, 4, 5, 6, 7, 8], '<<'], 10, 6, 2, True], [[[0, 1, 2, 3, 4, 5, 6, 7, 8], '>^>^<<'], 103, 59, 6, True], [[[0, 1, 2, 3, 4, 5, 6, 7, 8], '<v>^<'], 103, 61, 5, True], [[[0, 1, 2, 3, 4, 5, 6, 7, 8], '<v<v>^^<'], 311, 171, 8, True], [[[0, 1, 2, 3, 4, 5, 6, 7, 8], '>^<^<'], 102, 60, 5, True], [[[0, 1, 2, 3, 4, 5, 6, 7, 8], 'v>^<'], 37, 21, 4, True], [[[0, 1, 2, 3, 4, 5, 6, 7, 8], '<^^<'], 39, 23, 4, True], [[[0, 1, 2, 3, 4, 5, 6, 7, 8], '<<^'], 19, 11, 3, True], [[[7, 1, 4, 5, 2, 8, 3, 0, 6], 'vv>^^<v>>v<'], 1500, 1500, 100, False], [[[1, 5, 2, 6, 0, 4, 7, 8, 3], '^<vv>>^^<v'], 1500, 1500, 100, False], [[[0, 1, 2, 3, 4, 5, 6, 7, 8], '<v<v>^^<'], 311, 171, 8, True], [[[0, 1, 2, 3, 4, 5, 6, 7, 8], '^<'], 16, 10, 2, True], [[[0, 1, 2, 3, 4, 5, 6, 7, 8], '<<^'], 19, 11, 3, True], [[[0, 1, 2, 3, 4, 5, 6, 7, 8], '<^^<'], 39, 23, 4, True], [[[0, 1, 2, 3, 4, 5, 6, 7, 8], '>>v<^<'], 102, 58, 6, True], [[[1, 6, 4, 5, 2, 8, 3, 0, 7], '^^>vv<^>>v<'], 1500, 1500, 100, False], [[[0, 1, 2, 3, 4, 5, 6, 7, 8], '^<<vv>^<^'], 823, 471, 9, True], [[[0, 1, 2, 3, 4, 5, 6, 7, 8], '<<^'], 19, 11, 3, True], [[[0, 1, 2, 3, 4, 5, 6, 7, 8], '<'], 3, 2, 1, True], [[[0, 1, 2, 3, 4, 5, 6, 7, 8], '^^>v>v<^<^'], 1211, 713, 10, True], [[[0, 1, 2, 3, 4, 5, 6, 7, 8], ''], 0, 1, 0, True], [[[0, 1, 2, 3, 4, 5, 6, 7, 8], '<<v>^<'], 102, 58, 6, True], [[[0, 1, 2, 3, 4, 5, 6, 7, 8], '>^^<'], 39, 23, 4, True], [[[0, 1, 2, 3, 4, 5, 6, 7, 8], '>>^^<<'], 157, 91, 6, True]]