Total number of independent runs: 100
Average total items pushed: 20.15
Average total items checked: 11.51
Average path cost of solution: 6.35
Max total items pushed: 299
Max total items checked: 174
Percentage failed: 0.0
Max path cost of solution: 18


[[[[0, 1, 2, 3, 4, 5, 6, 7, 8], 'vv>^>v<^^>v<^<'], 34, 20, 14, True], [[[0, 1, 2, 3, 4, 5, 6, 7, 8], '<<v>^<'], 12, 7, 6, True], [[[0, 1, 2, 3, 4, 5, 6, 7, 8], 'v>^>^<v>v<<^^'], 95, 57, 13, True], [[[0, 1, 2, 3, 4, 5, 6, 7, 8], '^^>>v<^<'], 20, 11, 8, True], [[[0, 1, 2, 3, 4, 5, 6, 7, 8], '<v>>^<<v>^^<'], 28, 15, 12, True], [[[0, 1, 2, 3, 4, 5, 6, 7, 8], '>^<^>v<^<'], 30, 17, 9, True], [[[0, 1, 2, 3, 4, 5, 6, 7, 8], '<^'], 6, 3, 2, True], [[[0, 1, 2, 3, 4, 5, 6, 7, 8], '^>^<<'], 11, 6, 5, True], [[[0, 1, 2, 3, 4, 5, 6, 7, 8], '>^<^>v<^<'], 30, 17, 9, True], [[[0, 1, 2, 3, 4, 5, 6, 7, 8], '^'], 3, 2, 1, True], [[[0, 1, 2, 3, 4, 5, 6, 7, 8], '^>^<<v>^<'], 21, 11, 9, True], [[[0, 1, 2, 3, 4, 5, 6, 7, 8], '>^>^<<'], 12, 7, 6, True], [[[0, 1, 2, 3, 4, 5, 6, 7, 8], '^<^'], 8, 4, 3, True], [[[0, 1, 2, 3, 4, 5, 6, 7, 8], 'v<^^<'], 11, 6, 5, True], [[[0, 1, 2, 3, 4, 5, 6, 7, 8], 'v<<^'], 9, 5, 4, True], [[[0, 1, 2, 3, 4, 5, 6, 7, 8], '^<<'], 6, 4, 3, True], [[[0, 1, 2, 3, 4, 5, 6, 7, 8], 'v>^^<'], 11, 6, 5, True], [[[0, 1, 2, 3, 4, 5, 6, 7, 8], 'v<^^<'], 11, 6, 5, True], [[[0, 1, 2, 3, 4, 5, 6, 7, 8], '>v<^<'], 12, 7, 5, True], [[[0, 1, 2, 3, 4, 5, 6, 7, 8], ''], 0, 1, 0, True], [[[0, 1, 2, 3, 4, 5, 6, 7, 8], '^<^<'], 9, 5, 4, True], [[[0, 1, 2, 3, 4, 5, 6, 7, 8], 'v>^<<'], 12, 7, 5, True], [[[0, 1, 2, 3, 4, 5, 6, 7, 8], 'vv<^>v>^<<^'], 42, 24, 11, True], [[[0, 1, 2, 3, 4, 5, 6, 7, 8], 'v<v<^^'], 12, 7, 6, True], [[[0, 1, 2, 3, 4, 5, 6, 7, 8], ''], 0, 1, 0, True], [[[0, 1, 2, 3, 4, 5, 6, 7, 8], '>v<^<'], 12, 7, 5, True], [[[0, 1, 2, 3, 4, 5, 6, 7, 8], '>^<^'], 9, 5, 4, True], [[[0, 1, 2, 3, 4, 5, 6, 7, 8], '^<v>v<^>^<<'], 45, 26, 11, True], [[[0, 1, 2, 3, 4, 5, 6, 7, 8], '<<^^'], 7, 5, 4, True], [[[0, 1, 2, 3, 4, 5, 6, 7, 8], '<^>v<^^<'], 31, 17, 8, True], [[[0, 1, 2, 3, 4, 5, 6, 7, 8], '<<^^>v<^'], 15, 9, 8, True], [[[0, 1, 2, 3, 4, 5, 6, 7, 8], 'vv>^<<^'], 19, 10, 7, True], [[[0, 1, 2, 3, 4, 5, 6, 7, 8], ''], 0, 1, 0, True], [[[0, 1, 2, 3, 4, 5, 6, 7, 8], 'v>^<<'], 12, 7, 5, True], [[[0, 1, 2, 3, 4, 5, 6, 7, 8], '^<<'], 6, 4, 3, True], [[[0, 1, 2, 3, 4, 5, 6, 7, 8], '^>v<<^>v<^'], 38, 20, 10, True], [[[0, 1, 2, 3, 4, 5, 6, 7, 8], '>vv<<^^'], 12, 8, 7, True], [[[0, 1, 2, 3, 4, 5, 6, 7, 8], '^>>vv<^<^'], 17, 10, 9, True], [[[0, 1, 2, 3, 4, 5, 6, 7, 8], '^^<v<v>^<^'], 21, 12, 10, True], [[[0, 1, 2, 3, 4, 5, 6, 7, 8], '^'], 3, 2, 1, True], [[[0, 1, 2, 3, 4, 5, 6, 7, 8], '<<^^'], 7, 5, 4, True], [[[0, 1, 2, 3, 4, 5, 6, 7, 8], '>^^<'], 9, 5, 4, True], [[[0, 1, 2, 3, 4, 5, 6, 7, 8], 'v<<^'], 9, 5, 4, True], [[[0, 1, 2, 3, 4, 5, 6, 7, 8], '>^<^<'], 11, 6, 5, True], [[[0, 1, 2, 3, 4, 5, 6, 7, 8], '^<v>^^<'], 19, 10, 7, True], [[[0, 1, 2, 3, 4, 5, 6, 7, 8], '^'], 3, 2, 1, True], [[[0, 1, 2, 3, 4, 5, 6, 7, 8], '^^>v<^'], 12, 7, 6, True], [[[0, 1, 2, 3, 4, 5, 6, 7, 8], '<^>>v<<^'], 17, 9, 8, True], [[[0, 1, 2, 3, 4, 5, 6, 7, 8], '<^<^'], 9, 5, 4, True], [[[0, 1, 2, 3, 4, 5, 6, 7, 8], '^>>vv<^>v<<^^'], 47, 28, 13, True], [[[0, 1, 2, 3, 4, 5, 6, 7, 8], '<^<^'], 9, 5, 4, True], [[[0, 1, 2, 3, 4, 5, 6, 7, 8], '>v<^<^'], 17, 9, 6, True], [[[0, 1, 2, 3, 4, 5, 6, 7, 8], '^<^<v>>^<<'], 30, 17, 10, True], [[[0, 1, 2, 3, 4, 5, 6, 7, 8], '<vv<^^'], 12, 7, 6, True], [[[0, 1, 2, 3, 4, 5, 6, 7, 8], 'v>^^<'], 11, 6, 5, True], [[[0, 1, 2, 3, 4, 5, 6, 7, 8], '^<^<vv>^^<'], 20, 11, 10, True], [[[0, 1, 2, 3, 4, 5, 6, 7, 8], '^<v>^>v<<^'], 51, 30, 10, True], [[[0, 1, 2, 3, 4, 5, 6, 7, 8], '>v<<v>^^<'], 23, 13, 9, True], [[[0, 1, 2, 3, 4, 5, 6, 7, 8], '<'], 3, 2, 1, True], [[[0, 1, 2, 3, 4, 5, 6, 7, 8], '^>v<^<'], 15, 8, 6, True], [[[0, 1, 2, 3, 4, 5, 6, 7, 8], '^<<^'], 9, 5, 4, True], [[[0, 1, 2, 3, 4, 5, 6, 7, 8], 'v>^>^<<'], 14, 8, 7, True], [[[0, 1, 2, 3, 4, 5, 6, 7, 8], '<^^>v<^'], 14, 8, 7, True], [[[0, 1, 2, 3, 4, 5, 6, 7, 8], '<^>v<^^<'], 31, 17, 8, True], [[[0, 1, 2, 3, 4, 5, 6, 7, 8], 'v<^<'], 9, 5, 4, True], [[[0, 1, 2, 3, 4, 5, 6, 7, 8], 'v<v>^<^'], 17, 9, 7, True], [[[0, 1, 2, 3, 4, 5, 6, 7, 8], '>^<<^'], 11, 6, 5, True], [[[0, 1, 2, 3, 4, 5, 6, 7, 8], '>v<v<^^'], 14, 8, 7, True], [[[0, 1, 2, 3, 4, 5, 6, 7, 8], '^'], 3, 2, 1, True], [[[0, 1, 2, 3, 4, 5, 6, 7, 8], '^>^<v<^'], 19, 10, 7, True], [[[0, 1, 2, 3, 4, 5, 6, 7, 8], '>v<^<'], 12, 7, 5, True], [[[0, 1, 2, 3, 4, 5, 6, 7, 8], '<vv<^^'], 12, 7, 6, True], [[[0, 1, 2, 3, 4, 5, 6, 7, 8], '^^<v>v<<^^>v>v<^<^'], 299, 174, 18, True], [[[0, 1, 2, 3, 4, 5, 6, 7, 8], 'vv>^<^>v>^<<'], 45, 26, 12, True], [[[0, 1, 2, 3, 4, 5, 6, 7, 8], '>^<'], 8, 4, 3, True], [[[0, 1, 2, 3, 4, 5, 6, 7, 8], '>^<v>v<<^^'], 27, 16, 10, True], [[[0, 1, 2, 3, 4, 5, 6, 7, 8], '>vv<^<^'], 14, 8, 7, True], [[[0, 1, 2, 3, 4, 5, 6, 7, 8], '^^<v>^<<'], 30, 17, 8, True], [[[0, 1, 2, 3, 4, 5, 6, 7, 8], 'v>v<^^'], 14, 8, 6, True], [[[0, 1, 2, 3, 4, 5, 6, 7, 8], '<v>^<'], 11, 6, 5, True], [[[0, 1, 2, 3, 4, 5, 6, 7, 8], '>^^<<'], 9, 6, 5, True], [[[0, 1, 2, 3, 4, 5, 6, 7, 8], '<^<^>v<^'], 27, 14, 8, True], [[[0, 1, 2, 3, 4, 5, 6, 7, 8], '>v>v<^^<'], 32, 17, 8, True], [[[0, 1, 2, 3, 4, 5, 6, 7, 8], 'vv>>^<^<v>>^<<'], 74, 42, 14, True], [[[0, 1, 2, 3, 4, 5, 6, 7, 8], '>v<^<'], 12, 7, 5, True], [[[0, 1, 2, 3, 4, 5, 6, 7, 8], '<vv>^>^<<'], 17, 10, 9, True], [[[0, 1, 2, 3, 4, 5, 6, 7, 8], 'v<^^'], 9, 5, 4, True], [[[0, 1, 2, 3, 4, 5, 6, 7, 8], '<^>^<<'], 12, 7, 6, True], [[[0, 1, 2, 3, 4, 5, 6, 7, 8], '^<<'], 6, 4, 3, True], [[[0, 1, 2, 3, 4, 5, 6, 7, 8], 'vv<^^'], 11, 6, 5, True], [[[0, 1, 2, 3, 4, 5, 6, 7, 8], '>^<<^>v<^'], 29, 15, 9, True], [[[0, 1, 2, 3, 4, 5, 6, 7, 8], 'v<<^'], 9, 5, 4, True], [[[0, 1, 2, 3, 4, 5, 6, 7, 8], 'v>^<^<'], 17, 9, 6, True], [[[0, 1, 2, 3, 4, 5, 6, 7, 8], '^<^'], 8, 4, 3, True], [[[0, 1, 2, 3, 4, 5, 6, 7, 8], '>>^^<<v>v<^>^<'], 35, 20, 14, True], [[[0, 1, 2, 3, 4, 5, 6, 7, 8], '<vv>^<^'], 18, 10, 7, True], [[[0, 1, 2, 3, 4, 5, 6, 7, 8], '>v<^<'], 12, 7, 5, True], [[[0, 1, 2, 3, 4, 5, 6, 7, 8], '^^<<'], 7, 5, 4, True], [[[0, 1, 2, 3, 4, 5, 6, 7, 8], '>^^<'], 9, 5, 4, True], [[[0, 1, 2, 3, 4, 5, 6, 7, 8], '<<v>v<^>^<'], 23, 13, 10, True]]