Total number of independent runs: 100
Average total items pushed: 17.95
Average total items checked: 10.18
Average path cost of solution: 6.2
Max total items pushed: 103
Max total items checked: 60
Percentage failed: 0.0
Max path cost of solution: 15


[[[[0, 1, 2, 3, 4, 5, 6, 7, 8], 'v<^>v>v<<^^'], 44, 26, 11, True], [[[0, 1, 2, 3, 4, 5, 6, 7, 8], 'v>^<<'], 12, 7, 5, True], [[[0, 1, 2, 3, 4, 5, 6, 7, 8], 'v<<^'], 9, 5, 4, True], [[[0, 1, 2, 3, 4, 5, 6, 7, 8], '^'], 3, 2, 1, True], [[[0, 1, 2, 3, 4, 5, 6, 7, 8], '>^<<'], 9, 5, 4, True], [[[0, 1, 2, 3, 4, 5, 6, 7, 8], '^<v>^^<vv<^^'], 51, 31, 12, True], [[[0, 1, 2, 3, 4, 5, 6, 7, 8], '^>v<^<^'], 19, 10, 7, True], [[[0, 1, 2, 3, 4, 5, 6, 7, 8], '>^<v<^'], 17, 9, 6, True], [[[0, 1, 2, 3, 4, 5, 6, 7, 8], '>vv<^<^'], 14, 8, 7, True], [[[0, 1, 2, 3, 4, 5, 6, 7, 8], '>v<<^'], 11, 6, 5, True], [[[0, 1, 2, 3, 4, 5, 6, 7, 8], '>v<v<^^'], 14, 8, 7, True], [[[0, 1, 2, 3, 4, 5, 6, 7, 8], '<^>v<^'], 24, 12, 6, True], [[[0, 1, 2, 3, 4, 5, 6, 7, 8], 'v>>^<<'], 12, 7, 6, True], [[[0, 1, 2, 3, 4, 5, 6, 7, 8], 'v<^<^'], 11, 6, 5, True], [[[0, 1, 2, 3, 4, 5, 6, 7, 8], 'v>^<<^'], 17, 9, 6, True], [[[0, 1, 2, 3, 4, 5, 6, 7, 8], '>v<^>^<'], 19, 10, 7, True], [[[0, 1, 2, 3, 4, 5, 6, 7, 8], '>^<^<'], 11, 6, 5, True], [[[0, 1, 2, 3, 4, 5, 6, 7, 8], '>v<v>^^<'], 30, 16, 8, True], [[[0, 1, 2, 3, 4, 5, 6, 7, 8], 'v<v>^<<v>^^<'], 34, 19, 12, True], [[[0, 1, 2, 3, 4, 5, 6, 7, 8], 'v<<^'], 9, 5, 4, True], [[[0, 1, 2, 3, 4, 5, 6, 7, 8], '^<'], 6, 3, 2, True], [[[0, 1, 2, 3, 4, 5, 6, 7, 8], '<^>^<'], 11, 6, 5, True], [[[0, 1, 2, 3, 4, 5, 6, 7, 8], '>vv<^>^<'], 24, 13, 8, True], [[[0, 1, 2, 3, 4, 5, 6, 7, 8], '^<v>^<<'], 29, 16, 7, True], [[[0, 1, 2, 3, 4, 5, 6, 7, 8], '^<^'], 8, 4, 3, True], [[[0, 1, 2, 3, 4, 5, 6, 7, 8], 'vv>>^<v>^^<<'], 45, 27, 12, True], [[[0, 1, 2, 3, 4, 5, 6, 7, 8], '>^^<'], 9, 5, 4, True], [[[0, 1, 2, 3, 4, 5, 6, 7, 8], '^>>^<v<^'], 22, 12, 8, True], [[[0, 1, 2, 3, 4, 5, 6, 7, 8], 'v<<^>v<^'], 27, 14, 8, True], [[[0, 1, 2, 3, 4, 5, 6, 7, 8], '>^<<'], 9, 5, 4, True], [[[0, 1, 2, 3, 4, 5, 6, 7, 8], '<^>vv<^^<'], 24, 14, 9, True], [[[0, 1, 2, 3, 4, 5, 6, 7, 8], '^>>v<<^^'], 16, 10, 8, True], [[[0, 1, 2, 3, 4, 5, 6, 7, 8], '^^'], 4, 3, 2, True], [[[0, 1, 2, 3, 4, 5, 6, 7, 8], '>>v<^<'], 14, 8, 6, True], [[[0, 1, 2, 3, 4, 5, 6, 7, 8], '>v<^<^'], 17, 9, 6, True], [[[0, 1, 2, 3, 4, 5, 6, 7, 8], '<vv>^<^'], 18, 10, 7, True], [[[0, 1, 2, 3, 4, 5, 6, 7, 8], 'v>^<<^'], 17, 9, 6, True], [[[0, 1, 2, 3, 4, 5, 6, 7, 8], '^'], 3, 2, 1, True], [[[0, 1, 2, 3, 4, 5, 6, 7, 8], 'vv>^^<<'], 15, 9, 7, True], [[[0, 1, 2, 3, 4, 5, 6, 7, 8], '<v<^>vv<^^'], 37, 21, 10, True], [[[0, 1, 2, 3, 4, 5, 6, 7, 8], '<<^'], 8, 4, 3, True], [[[0, 1, 2, 3, 4, 5, 6, 7, 8], 'v>^<vv<^>>v<^^<'], 103, 60, 15, True], [[[0, 1, 2, 3, 4, 5, 6, 7, 8], '>v<^>v>^<<^'], 62, 34, 11, True], [[[0, 1, 2, 3, 4, 5, 6, 7, 8], '<<^>>v<<^'], 19, 10, 9, True], [[[0, 1, 2, 3, 4, 5, 6, 7, 8], 'v>>^<<'], 12, 7, 6, True], [[[0, 1, 2, 3, 4, 5, 6, 7, 8], '<<^^'], 7, 5, 4, True], [[[0, 1, 2, 3, 4, 5, 6, 7, 8], '<v>^>^<<'], 23, 13, 8, True], [[[0, 1, 2, 3, 4, 5, 6, 7, 8], '<<v>^<'], 12, 7, 6, True], [[[0, 1, 2, 3, 4, 5, 6, 7, 8], 'v<^'], 8, 4, 3, True], [[[0, 1, 2, 3, 4, 5, 6, 7, 8], 'v<^<'], 9, 5, 4, True], [[[0, 1, 2, 3, 4, 5, 6, 7, 8], '>>v<^^<'], 19, 10, 7, True], [[[0, 1, 2, 3, 4, 5, 6, 7, 8], '^>vv<^>^<'], 36, 20, 9, True], [[[0, 1, 2, 3, 4, 5, 6, 7, 8], '^<v<^'], 11, 6, 5, True], [[[0, 1, 2, 3, 4, 5, 6, 7, 8], '<v>^<'], 11, 6, 5, True], [[[0, 1, 2, 3, 4, 5, 6, 7, 8], '<<^>>v<<^>v<^^'], 78, 46, 14, True], [[[0, 1, 2, 3, 4, 5, 6, 7, 8], '^>v<v>^<<^'], 31, 17, 10, True], [[[0, 1, 2, 3, 4, 5, 6, 7, 8], '^>>v<^<'], 18, 10, 7, True], [[[0, 1, 2, 3, 4, 5, 6, 7, 8], '<^<^'], 9, 5, 4, True], [[[0, 1, 2, 3, 4, 5, 6, 7, 8], '>^<^<'], 11, 6, 5, True], [[[0, 1, 2, 3, 4, 5, 6, 7, 8], 'v>^^<vv<^^'], 24, 14, 10, True], [[[0, 1, 2, 3, 4, 5, 6, 7, 8], 'v<v<^^'], 12, 7, 6, True], [[[0, 1, 2, 3, 4, 5, 6, 7, 8], '<v<^'], 9, 5, 4, True], [[[0, 1, 2, 3, 4, 5, 6, 7, 8], '^^<v<^'], 12, 7, 6, True], [[[0, 1, 2, 3, 4, 5, 6, 7, 8], 'v<^^'], 9, 5, 4, True], [[[0, 1, 2, 3, 4, 5, 6, 7, 8], '^'], 3, 2, 1, True], [[[0, 1, 2, 3, 4, 5, 6, 7, 8], '>v>v<^>^<<'], 26, 15, 10, True], [[[0, 1, 2, 3, 4, 5, 6, 7, 8], '<<^>^<'], 12, 7, 6, True], [[[0, 1, 2, 3, 4, 5, 6, 7, 8], 'v<v>^<^'], 17, 9, 7, True], [[[0, 1, 2, 3, 4, 5, 6, 7, 8], '<<vv>^<^'], 20, 11, 8, True], [[[0, 1, 2, 3, 4, 5, 6, 7, 8], '>v>^^<<'], 14, 8, 7, True], [[[0, 1, 2, 3, 4, 5, 6, 7, 8], 'v>^<'], 9, 5, 4, True], [[[0, 1, 2, 3, 4, 5, 6, 7, 8], '<v<^^'], 11, 6, 5, True], [[[0, 1, 2, 3, 4, 5, 6, 7, 8], '^<<'], 6, 4, 3, True], [[[0, 1, 2, 3, 4, 5, 6, 7, 8], 'v>>^^<<'], 12, 8, 7, True], [[[0, 1, 2, 3, 4, 5, 6, 7, 8], '^<v<^^'], 12, 7, 6, True], [[[0, 1, 2, 3, 4, 5, 6, 7, 8], '>>^<<^'], 12, 7, 6, True], [[[0, 1, 2, 3, 4, 5, 6, 7, 8], '>vv<^>^<'], 24, 13, 8, True], [[[0, 1, 2, 3, 4, 5, 6, 7, 8], ''], 0, 1, 0, True], [[[0, 1, 2, 3, 4, 5, 6, 7, 8], '<v>^<<'], 13, 8, 6, True], [[[0, 1, 2, 3, 4, 5, 6, 7, 8], 'vv<^<^'], 12, 7, 6, True], [[[0, 1, 2, 3, 4, 5, 6, 7, 8], '<vv<^^>v>^<<'], 41, 24, 12, True], [[[0, 1, 2, 3, 4, 5, 6, 7, 8], '>v<^<'], 12, 7, 5, True], [[[0, 1, 2, 3, 4, 5, 6, 7, 8], '>v<<^^'], 12, 7, 6, True], [[[0, 1, 2, 3, 4, 5, 6, 7, 8], '>>^^<<'], 10, 7, 6, True], [[[0, 1, 2, 3, 4, 5, 6, 7, 8], '^>^<<'], 11, 6, 5, True], [[[0, 1, 2, 3, 4, 5, 6, 7, 8], 'v>^<'], 9, 5, 4, True], [[[0, 1, 2, 3, 4, 5, 6, 7, 8], '>>v<<^^>v<^'], 28, 16, 11, True], [[[0, 1, 2, 3, 4, 5, 6, 7, 8], '^<^'], 8, 4, 3, True], [[[0, 1, 2, 3, 4, 5, 6, 7, 8], '^>^<<'], 11, 6, 5, True], [[[0, 1, 2, 3, 4, 5, 6, 7, 8], 'v>^<^'], 12, 7, 5, True], [[[0, 1, 2, 3, 4, 5, 6, 7, 8], '^<<'], 6, 4, 3, True], [[[0, 1, 2, 3, 4, 5, 6, 7, 8], '^^<<'], 7, 5, 4, True], [[[0, 1, 2, 3, 4, 5, 6, 7, 8], '^>>v<^<'], 18, 10, 7, True], [[[0, 1, 2, 3, 4, 5, 6, 7, 8], '<^<'], 8, 4, 3, True], [[[0, 1, 2, 3, 4, 5, 6, 7, 8], 'v<<^>v<^^'], 32, 18, 9, True], [[[0, 1, 2, 3, 4, 5, 6, 7, 8], 'v>v<^^'], 14, 8, 6, True], [[[0, 1, 2, 3, 4, 5, 6, 7, 8], '>v<^^<'], 17, 9, 6, True], [[[0, 1, 2, 3, 4, 5, 6, 7, 8], '^<^'], 8, 4, 3, True], [[[0, 1, 2, 3, 4, 5, 6, 7, 8], 'v<<^>v>^<<'], 47, 27, 10, True], [[[0, 1, 2, 3, 4, 5, 6, 7, 8], '<'], 3, 2, 1, True]]