Total number of independent runs: 100
Average total items pushed: 57.57
Average total items checked: 39.24
Average path cost of solution: 7.07
Max total items pushed: 1500
Max total items checked: 1500
Percentage failed: 1.0000000000000009
Max path cost of solution: 100


[[[[0, 1, 2, 3, 4, 5, 6, 7, 8], '<v<^>v>^^<<'], 96, 55, 11, True], [[[0, 1, 2, 3, 4, 5, 6, 7, 8], 'v<^>^<'], 21, 11, 6, True], [[[0, 1, 2, 3, 4, 5, 6, 7, 8], '^<vv>^>^<v<^'], 182, 100, 12, True], [[[0, 1, 2, 3, 4, 5, 6, 7, 8], '<^>^<'], 11, 6, 5, True], [[[0, 1, 2, 3, 4, 5, 6, 7, 8], ''], 0, 1, 0, True], [[[0, 1, 2, 3, 4, 5, 6, 7, 8], '<vv>^<^'], 28, 15, 7, True], [[[0, 1, 2, 3, 4, 5, 6, 7, 8], '^>^>v<<^'], 34, 18, 8, True], [[[0, 1, 2, 3, 4, 5, 6, 7, 8], '<v<^>^<'], 23, 12, 7, True], [[[0, 1, 2, 3, 4, 5, 6, 7, 8], '<^>^<'], 11, 6, 5, True], [[[0, 1, 2, 3, 4, 5, 6, 7, 8], 'v<^<'], 9, 5, 4, True], [[[0, 1, 2, 3, 4, 5, 6, 7, 8], 'v<^'], 8, 4, 3, True], [[[2, 5, 7, 0, 4, 6, 1, 3, 8], 'v>v<^>^>v<<'], 1500, 1500, 100, False], [[[0, 1, 2, 3, 4, 5, 6, 7, 8], '^>^<'], 9, 5, 4, True], [[[0, 1, 2, 3, 4, 5, 6, 7, 8], '<v<^'], 9, 5, 4, True], [[[0, 1, 2, 3, 4, 5, 6, 7, 8], '^^>v<^'], 19, 10, 6, True], [[[0, 1, 2, 3, 4, 5, 6, 7, 8], '^<<^'], 9, 5, 4, True], [[[0, 1, 2, 3, 4, 5, 6, 7, 8], 'v<^>>v<<^'], 68, 40, 9, True], [[[0, 1, 2, 3, 4, 5, 6, 7, 8], '^<v<^^'], 12, 7, 6, True], [[[0, 1, 2, 3, 4, 5, 6, 7, 8], '^>^<'], 9, 5, 4, True], [[[0, 1, 2, 3, 4, 5, 6, 7, 8], '<v>^^>v<^<'], 78, 45, 10, True], [[[0, 1, 2, 3, 4, 5, 6, 7, 8], 'v>^<vv>^<^'], 84, 48, 10, True], [[[0, 1, 2, 3, 4, 5, 6, 7, 8], 'v<<^^'], 9, 6, 5, True], [[[0, 1, 2, 3, 4, 5, 6, 7, 8], '<^'], 6, 3, 2, True], [[[0, 1, 2, 3, 4, 5, 6, 7, 8], '<<v>^<'], 19, 10, 6, True], [[[0, 1, 2, 3, 4, 5, 6, 7, 8], 'v>^^<v<^'], 29, 16, 8, True], [[[0, 1, 2, 3, 4, 5, 6, 7, 8], '^>v>^<^<'], 28, 16, 8, True], [[[0, 1, 2, 3, 4, 5, 6, 7, 8], '<v<^>>v<^<^'], 112, 62, 11, True], [[[0, 1, 2, 3, 4, 5, 6, 7, 8], 'vv<^^>vv<<^^'], 117, 71, 12, True], [[[0, 1, 2, 3, 4, 5, 6, 7, 8], 'vv<^>^<'], 28, 15, 7, True], [[[0, 1, 2, 3, 4, 5, 6, 7, 8], '^>v>^<v<^'], 60, 33, 9, True], [[[0, 1, 2, 3, 4, 5, 6, 7, 8], 'vv>^<^>>v<^<v>^<'], 1143, 657, 16, True], [[[0, 1, 2, 3, 4, 5, 6, 7, 8], 'vv>^^<'], 14, 8, 6, True], [[[0, 1, 2, 3, 4, 5, 6, 7, 8], '<<'], 4, 3, 2, True], [[[0, 1, 2, 3, 4, 5, 6, 7, 8], '<^>^<'], 11, 6, 5, True], [[[0, 1, 2, 3, 4, 5, 6, 7, 8], '>>v<^<'], 20, 10, 6, True], [[[0, 1, 2, 3, 4, 5, 6, 7, 8], 'v<^<'], 9, 5, 4, True], [[[0, 1, 2, 3, 4, 5, 6, 7, 8], '<^^<'], 9, 5, 4, True], [[[0, 1, 2, 3, 4, 5, 6, 7, 8], '>v<<^^'], 12, 7, 6, True], [[[0, 1, 2, 3, 4, 5, 6, 7, 8], '^<<'], 6, 4, 3, True], [[[0, 1, 2, 3, 4, 5, 6, 7, 8], '>>^<^<'], 12, 7, 6, True], [[[0, 1, 2, 3, 4, 5, 6, 7, 8], '>^^<v>^<'], 44, 24, 8, True], [[[0, 1, 2, 3, 4, 5, 6, 7, 8], '<^<^'], 9, 5, 4, True], [[[0, 1, 2, 3, 4, 5, 6, 7, 8], '>^<<'], 9, 5, 4, True], [[[0, 1, 2, 3, 4, 5, 6, 7, 8], '<^^'], 6, 4, 3, True], [[[0, 1, 2, 3, 4, 5, 6, 7, 8], '^<<'], 6, 4, 3, True], [[[0, 1, 2, 3, 4, 5, 6, 7, 8], '^>v<<^'], 24, 13, 6, True], [[[0, 1, 2, 3, 4, 5, 6, 7, 8], '<v<^'], 9, 5, 4, True], [[[0, 1, 2, 3, 4, 5, 6, 7, 8], '^^<vv<^^'], 15, 9, 8, True], [[[0, 1, 2, 3, 4, 5, 6, 7, 8], '>>^<^<'], 12, 7, 6, True], [[[0, 1, 2, 3, 4, 5, 6, 7, 8], '^>v>^<v<^'], 60, 33, 9, True], [[[0, 1, 2, 3, 4, 5, 6, 7, 8], '<^>v>^<<'], 45, 27, 8, True], [[[0, 1, 2, 3, 4, 5, 6, 7, 8], 'v>>^<vv<^^'], 66, 37, 10, True], [[[0, 1, 2, 3, 4, 5, 6, 7, 8], '<<^'], 8, 4, 3, True], [[[0, 1, 2, 3, 4, 5, 6, 7, 8], '>v<<v>^<^'], 39, 22, 9, True], [[[0, 1, 2, 3, 4, 5, 6, 7, 8], '^^>v<^'], 19, 10, 6, True], [[[0, 1, 2, 3, 4, 5, 6, 7, 8], '<^>v<^<^'], 35, 20, 8, True], [[[0, 1, 2, 3, 4, 5, 6, 7, 8], '>v<^^'], 13, 8, 5, True], [[[0, 1, 2, 3, 4, 5, 6, 7, 8], '>^<^<'], 11, 6, 5, True], [[[0, 1, 2, 3, 4, 5, 6, 7, 8], 'v<<^'], 9, 5, 4, True], [[[0, 1, 2, 3, 4, 5, 6, 7, 8], '^'], 3, 2, 1, True], [[[0, 1, 2, 3, 4, 5, 6, 7, 8], '<v>^>v<<^'], 73, 44, 9, True], [[[0, 1, 2, 3, 4, 5, 6, 7, 8], '^>v<v<^^'], 33, 19, 8, True], [[[0, 1, 2, 3, 4, 5, 6, 7, 8], '<^<^>v<^'], 37, 20, 8, True], [[[0, 1, 2, 3, 4, 5, 6, 7, 8], 'v<v>^^<<'], 40, 23, 8, True], [[[0, 1, 2, 3, 4, 5, 6, 7, 8], '>v>^<<'], 21, 12, 6, True], [[[0, 1, 2, 3, 4, 5, 6, 7, 8], '<^'], 6, 3, 2, True], [[[0, 1, 2, 3, 4, 5, 6, 7, 8], '^<v<^'], 11, 6, 5, True], [[[0, 1, 2, 3, 4, 5, 6, 7, 8], '<<^^'], 7, 5, 4, True], [[[0, 1, 2, 3, 4, 5, 6, 7, 8], '<^'], 6, 3, 2, True], [[[0, 1, 2, 3, 4, 5, 6, 7, 8], '^>v<<^'], 24, 13, 6, True], [[[0, 1, 2, 3, 4, 5, 6, 7, 8], '<<vv>^^<'], 27, 15, 8, True], [[[0, 1, 2, 3, 4, 5, 6, 7, 8], ''], 0, 1, 0, True], [[[0, 1, 2, 3, 4, 5, 6, 7, 8], 'v>^<v>>v<<^^'], 161, 90, 12, True], [[[0, 1, 2, 3, 4, 5, 6, 7, 8], '>v<v>^>^<<'], 72, 42, 10, True], [[[0, 1, 2, 3, 4, 5, 6, 7, 8], '^^>v<^'], 19, 10, 6, True], [[[0, 1, 2, 3, 4, 5, 6, 7, 8], '^<<vv>>^^<<'], 57, 34, 11, True], [[[0, 1, 2, 3, 4, 5, 6, 7, 8], '<^^<'], 9, 5, 4, True], [[[0, 1, 2, 3, 4, 5, 6, 7, 8], '<'], 3, 2, 1, True], [[[0, 1, 2, 3, 4, 5, 6, 7, 8], '>^<^>v<v>^<^'], 174, 98, 12, True], [[[0, 1, 2, 3, 4, 5, 6, 7, 8], '<<v>^<'], 19, 10, 6, True], [[[0, 1, 2, 3, 4, 5, 6, 7, 8], '^^<'], 8, 4, 3, True], [[[0, 1, 2, 3, 4, 5, 6, 7, 8], 'v>^<'], 11, 6, 4, True], [[[0, 1, 2, 3, 4, 5, 6, 7, 8], '<v<^^'], 11, 6, 5, True], [[[0, 1, 2, 3, 4, 5, 6, 7, 8], '<<^'], 8, 4, 3, True], [[[0, 1, 2, 3, 4, 5, 6, 7, 8], '>vv>^^<v<^'], 50, 29, 10, True], [[[0, 1, 2, 3, 4, 5, 6, 7, 8], '>v>v<^^<'], 38, 21, 8, True], [[[0, 1, 2, 3, 4, 5, 6, 7, 8], '^<^'], 8, 4, 3, True], [[[0, 1, 2, 3, 4, 5, 6, 7, 8], '<^^'], 6, 4, 3, True], [[[0, 1, 2, 3, 4, 5, 6, 7, 8], '^^'], 4, 3, 2, True], [[[0, 1, 2, 3, 4, 5, 6, 7, 8], '<v>^^<'], 24, 13, 6, True], [[[0, 1, 2, 3, 4, 5, 6, 7, 8], '>vv<^^'], 14, 8, 6, True], [[[0, 1, 2, 3, 4, 5, 6, 7, 8], '<^>>^<<'], 14, 8, 7, True], [[[0, 1, 2, 3, 4, 5, 6, 7, 8], 'v<^<^'], 11, 6, 5, True], [[[0, 1, 2, 3, 4, 5, 6, 7, 8], '<<^^'], 7, 5, 4, True], [[[0, 1, 2, 3, 4, 5, 6, 7, 8], 'v<v>^^<<'], 40, 23, 8, True], [[[0, 1, 2, 3, 4, 5, 6, 7, 8], 'v>>v<^^>v<^<'], 134, 75, 12, True], [[[0, 1, 2, 3, 4, 5, 6, 7, 8], '^^>v<v>^<v<^^'], 225, 134, 13, True], [[[0, 1, 2, 3, 4, 5, 6, 7, 8], '<'], 3, 2, 1, True], [[[0, 1, 2, 3, 4, 5, 6, 7, 8], '>^^<'], 9, 5, 4, True], [[[0, 1, 2, 3, 4, 5, 6, 7, 8], '<v<^>^<'], 23, 12, 7, True]]