Total number of independent runs: 100
Average total items pushed: 32.08
Average total items checked: 18.4
Average path cost of solution: 6.34
Max total items pushed: 505
Max total items checked: 290
Percentage failed: 0.0
Max path cost of solution: 23


[[[[0, 1, 2, 3, 4, 5, 6, 7, 8], '<<'], 4, 3, 2, True], [[[0, 1, 2, 3, 4, 5, 6, 7, 8], '^>^>v<^<'], 18, 10, 8, True], [[[0, 1, 2, 3, 4, 5, 6, 7, 8], '^>v>^<<^'], 20, 11, 8, True], [[[0, 1, 2, 3, 4, 5, 6, 7, 8], '>v<^<'], 12, 7, 5, True], [[[0, 1, 2, 3, 4, 5, 6, 7, 8], '<vv<^^'], 12, 7, 6, True], [[[0, 1, 2, 3, 4, 5, 6, 7, 8], 'v<^>v>^<^<'], 31, 17, 10, True], [[[0, 1, 2, 3, 4, 5, 6, 7, 8], '>>^^<<'], 10, 7, 6, True], [[[0, 1, 2, 3, 4, 5, 6, 7, 8], 'vv>^^<<'], 15, 9, 7, True], [[[0, 1, 2, 3, 4, 5, 6, 7, 8], '>v<v>^<v<^^'], 28, 16, 11, True], [[[0, 1, 2, 3, 4, 5, 6, 7, 8], '<'], 3, 2, 1, True], [[[0, 1, 2, 3, 4, 5, 6, 7, 8], '>>v<v>^<<^'], 23, 13, 10, True], [[[0, 1, 2, 3, 4, 5, 6, 7, 8], '<<'], 4, 3, 2, True], [[[0, 1, 2, 3, 4, 5, 6, 7, 8], '^^>vv<^^<'], 20, 11, 9, True], [[[0, 1, 2, 3, 4, 5, 6, 7, 8], '<^>v<<^^'], 21, 13, 8, True], [[[0, 1, 2, 3, 4, 5, 6, 7, 8], '^>v>v<<^^'], 17, 10, 9, True], [[[0, 1, 2, 3, 4, 5, 6, 7, 8], '<^>v<^<'], 17, 9, 7, True], [[[0, 1, 2, 3, 4, 5, 6, 7, 8], '^>>v<<^'], 14, 8, 7, True], [[[0, 1, 2, 3, 4, 5, 6, 7, 8], '>^<'], 8, 4, 3, True], [[[0, 1, 2, 3, 4, 5, 6, 7, 8], '<^'], 6, 3, 2, True], [[[0, 1, 2, 3, 4, 5, 6, 7, 8], '<^<'], 8, 4, 3, True], [[[0, 1, 2, 3, 4, 5, 6, 7, 8], '<'], 3, 2, 1, True], [[[0, 1, 2, 3, 4, 5, 6, 7, 8], 'v>^<^'], 12, 7, 5, True], [[[0, 1, 2, 3, 4, 5, 6, 7, 8], 'v<^<'], 9, 5, 4, True], [[[0, 1, 2, 3, 4, 5, 6, 7, 8], '>v<^<^'], 17, 9, 6, True], [[[0, 1, 2, 3, 4, 5, 6, 7, 8], '<<^^'], 7, 5, 4, True], [[[0, 1, 2, 3, 4, 5, 6, 7, 8], '^<v<^^'], 12, 7, 6, True], [[[0, 1, 2, 3, 4, 5, 6, 7, 8], '>v<^'], 9, 5, 4, True], [[[0, 1, 2, 3, 4, 5, 6, 7, 8], '^>v<^^'], 13, 8, 6, True], [[[0, 1, 2, 3, 4, 5, 6, 7, 8], 'v<v>^^<'], 36, 20, 7, True], [[[0, 1, 2, 3, 4, 5, 6, 7, 8], '>v>^<<^'], 19, 10, 7, True], [[[0, 1, 2, 3, 4, 5, 6, 7, 8], '>>v<<^'], 12, 7, 6, True], [[[0, 1, 2, 3, 4, 5, 6, 7, 8], '>>^^<v<^'], 15, 9, 8, True], [[[0, 1, 2, 3, 4, 5, 6, 7, 8], '<v>^<'], 11, 6, 5, True], [[[0, 1, 2, 3, 4, 5, 6, 7, 8], '^'], 3, 2, 1, True], [[[0, 1, 2, 3, 4, 5, 6, 7, 8], '<^^'], 6, 4, 3, True], [[[0, 1, 2, 3, 4, 5, 6, 7, 8], '>v<^>v>^<<^'], 35, 19, 11, True], [[[0, 1, 2, 3, 4, 5, 6, 7, 8], '<v<v>^^<'], 37, 21, 8, True], [[[0, 1, 2, 3, 4, 5, 6, 7, 8], '^<^>v<^<'], 18, 10, 8, True], [[[0, 1, 2, 3, 4, 5, 6, 7, 8], 'v>>^<^<vv>>^<<v>^>v<<^^'], 490, 280, 23, True], [[[0, 1, 2, 3, 4, 5, 6, 7, 8], 'vv>^<^'], 14, 8, 6, True], [[[0, 1, 2, 3, 4, 5, 6, 7, 8], '>^<^>v<^<'], 20, 11, 9, True], [[[0, 1, 2, 3, 4, 5, 6, 7, 8], '<<^>v<^^'], 16, 10, 8, True], [[[0, 1, 2, 3, 4, 5, 6, 7, 8], '<^^'], 6, 4, 3, True], [[[0, 1, 2, 3, 4, 5, 6, 7, 8], '<^^'], 6, 4, 3, True], [[[0, 1, 2, 3, 4, 5, 6, 7, 8], 'vv>^^<'], 12, 7, 6, True], [[[0, 1, 2, 3, 4, 5, 6, 7, 8], '>^^<'], 9, 5, 4, True], [[[0, 1, 2, 3, 4, 5, 6, 7, 8], 'v>v<^^<vv>^<^'], 185, 105, 13, True], [[[0, 1, 2, 3, 4, 5, 6, 7, 8], '<vv>>^<v<^^'], 169, 97, 11, True], [[[0, 1, 2, 3, 4, 5, 6, 7, 8], '^>^<'], 9, 5, 4, True], [[[0, 1, 2, 3, 4, 5, 6, 7, 8], '^>^<'], 9, 5, 4, True], [[[0, 1, 2, 3, 4, 5, 6, 7, 8], '<^^<'], 9, 5, 4, True], [[[0, 1, 2, 3, 4, 5, 6, 7, 8], '<v<^>^<'], 19, 10, 7, True], [[[0, 1, 2, 3, 4, 5, 6, 7, 8], '^<^'], 8, 4, 3, True], [[[0, 1, 2, 3, 4, 5, 6, 7, 8], '<<v>^<'], 12, 7, 6, True], [[[0, 1, 2, 3, 4, 5, 6, 7, 8], '<^>v<<^'], 19, 10, 7, True], [[[0, 1, 2, 3, 4, 5, 6, 7, 8], '^^'], 4, 3, 2, True], [[[0, 1, 2, 3, 4, 5, 6, 7, 8], '^^'], 4, 3, 2, True], [[[0, 1, 2, 3, 4, 5, 6, 7, 8], '^>>^<<v>v<^^'], 26, 15, 12, True], [[[0, 1, 2, 3, 4, 5, 6, 7, 8], '>v<<^'], 11, 6, 5, True], [[[0, 1, 2, 3, 4, 5, 6, 7, 8], ''], 0, 1, 0, True], [[[0, 1, 2, 3, 4, 5, 6, 7, 8], 'v>^<^'], 12, 7, 5, True], [[[0, 1, 2, 3, 4, 5, 6, 7, 8], '>vv<<^^'], 12, 8, 7, True], [[[0, 1, 2, 3, 4, 5, 6, 7, 8], 'v>>^^<<'], 12, 8, 7, True], [[[0, 1, 2, 3, 4, 5, 6, 7, 8], 'v>^<'], 9, 5, 4, True], [[[0, 1, 2, 3, 4, 5, 6, 7, 8], '<<'], 4, 3, 2, True], [[[0, 1, 2, 3, 4, 5, 6, 7, 8], '<'], 3, 2, 1, True], [[[0, 1, 2, 3, 4, 5, 6, 7, 8], '^>v<^'], 11, 6, 5, True], [[[0, 1, 2, 3, 4, 5, 6, 7, 8], '^^'], 4, 3, 2, True], [[[0, 1, 2, 3, 4, 5, 6, 7, 8], 'v>v<<^^'], 14, 8, 7, True], [[[0, 1, 2, 3, 4, 5, 6, 7, 8], '<v>v<^>^<'], 22, 12, 9, True], [[[0, 1, 2, 3, 4, 5, 6, 7, 8], '>^<v>v<^^>v<^>v<v>^^<'], 505, 290, 21, True], [[[0, 1, 2, 3, 4, 5, 6, 7, 8], '>>v<^<^'], 19, 10, 7, True], [[[0, 1, 2, 3, 4, 5, 6, 7, 8], '<^^>vv<<^^'], 94, 55, 10, True], [[[0, 1, 2, 3, 4, 5, 6, 7, 8], 'vv>^>^<<'], 15, 9, 8, True], [[[0, 1, 2, 3, 4, 5, 6, 7, 8], '^^>vv<^^'], 15, 9, 8, True], [[[0, 1, 2, 3, 4, 5, 6, 7, 8], '<'], 3, 2, 1, True], [[[0, 1, 2, 3, 4, 5, 6, 7, 8], '<^^<'], 9, 5, 4, True], [[[0, 1, 2, 3, 4, 5, 6, 7, 8], '^<'], 6, 3, 2, True], [[[0, 1, 2, 3, 4, 5, 6, 7, 8], 'v>^<v<^'], 19, 10, 7, True], [[[0, 1, 2, 3, 4, 5, 6, 7, 8], 'v>^<'], 9, 5, 4, True], [[[0, 1, 2, 3, 4, 5, 6, 7, 8], '<<v>>^<<'], 15, 9, 8, True], [[[0, 1, 2, 3, 4, 5, 6, 7, 8], '^^>v<<^'], 19, 10, 7, True], [[[0, 1, 2, 3, 4, 5, 6, 7, 8], '>^^<'], 9, 5, 4, True], [[[0, 1, 2, 3, 4, 5, 6, 7, 8], '>>v<<^^'], 15, 9, 7, True], [[[0, 1, 2, 3, 4, 5, 6, 7, 8], 'v<v<^^'], 12, 7, 6, True], [[[0, 1, 2, 3, 4, 5, 6, 7, 8], '^<<'], 6, 4, 3, True], [[[0, 1, 2, 3, 4, 5, 6, 7, 8], ''], 0, 1, 0, True], [[[0, 1, 2, 3, 4, 5, 6, 7, 8], '<<v>^<'], 12, 7, 6, True], [[[0, 1, 2, 3, 4, 5, 6, 7, 8], '^>v<<^>v<^^'], 33, 20, 11, True], [[[0, 1, 2, 3, 4, 5, 6, 7, 8], '<<^^>vv>^<<^'], 89, 52, 12, True], [[[0, 1, 2, 3, 4, 5, 6, 7, 8], '>^<^'], 9, 5, 4, True], [[[0, 1, 2, 3, 4, 5, 6, 7, 8], '>v<<^^>>vv<<^>>^<v<^'], 68, 39, 20, True], [[[0, 1, 2, 3, 4, 5, 6, 7, 8], '<<'], 4, 3, 2, True], [[[0, 1, 2, 3, 4, 5, 6, 7, 8], 'v<<^>>vv<<^^'], 347, 198, 12, True], [[[0, 1, 2, 3, 4, 5, 6, 7, 8], '^<^<'], 9, 5, 4, True], [[[0, 1, 2, 3, 4, 5, 6, 7, 8], 'v<v<^^'], 12, 7, 6, True], [[[0, 1, 2, 3, 4, 5, 6, 7, 8], '>^<v>v<^^<'], 32, 17, 10, True], [[[0, 1, 2, 3, 4, 5, 6, 7, 8], '>>vv<<^^>v<v>^^<'], 78, 43, 16, True], [[[0, 1, 2, 3, 4, 5, 6, 7, 8], 'v<^^'], 9, 5, 4, True], [[[0, 1, 2, 3, 4, 5, 6, 7, 8], 'v<^<^'], 11, 6, 5, True]]