Total number of independent runs: 100
Average total items pushed: 20.1
Average total items checked: 11.49
Average path cost of solution: 6.34
Max total items pushed: 103
Max total items checked: 61
Percentage failed: 0.0
Max path cost of solution: 15


[[[[0, 1, 2, 3, 4, 5, 6, 7, 8], '^<^>vv<^^<'], 32, 19, 10, True], [[[0, 1, 2, 3, 4, 5, 6, 7, 8], 'v>>^<^<'], 14, 8, 7, True], [[[0, 1, 2, 3, 4, 5, 6, 7, 8], '<^<^'], 9, 5, 4, True], [[[0, 1, 2, 3, 4, 5, 6, 7, 8], '>v<^^'], 12, 7, 5, True], [[[0, 1, 2, 3, 4, 5, 6, 7, 8], '<vv>^<<^'], 20, 11, 8, True], [[[0, 1, 2, 3, 4, 5, 6, 7, 8], '<<^^'], 7, 5, 4, True], [[[0, 1, 2, 3, 4, 5, 6, 7, 8], 'vv<^>^<<'], 23, 13, 8, True], [[[0, 1, 2, 3, 4, 5, 6, 7, 8], '>^<'], 8, 4, 3, True], [[[0, 1, 2, 3, 4, 5, 6, 7, 8], 'vv<<^>>v<^^<'], 41, 24, 12, True], [[[0, 1, 2, 3, 4, 5, 6, 7, 8], '>v<^'], 9, 5, 4, True], [[[0, 1, 2, 3, 4, 5, 6, 7, 8], '>v<^<'], 12, 7, 5, True], [[[0, 1, 2, 3, 4, 5, 6, 7, 8], '^>^<<'], 11, 6, 5, True], [[[0, 1, 2, 3, 4, 5, 6, 7, 8], '>^<'], 8, 4, 3, True], [[[0, 1, 2, 3, 4, 5, 6, 7, 8], '^<vv<^^'], 14, 8, 7, True], [[[0, 1, 2, 3, 4, 5, 6, 7, 8], 'v>^<^<'], 17, 9, 6, True], [[[0, 1, 2, 3, 4, 5, 6, 7, 8], '^<<^'], 9, 5, 4, True], [[[0, 1, 2, 3, 4, 5, 6, 7, 8], 'vv>>^<v<^^'], 53, 30, 10, True], [[[0, 1, 2, 3, 4, 5, 6, 7, 8], '^>vv<<^^'], 15, 9, 8, True], [[[0, 1, 2, 3, 4, 5, 6, 7, 8], '^>^<'], 9, 5, 4, True], [[[0, 1, 2, 3, 4, 5, 6, 7, 8], '^<<^'], 9, 5, 4, True], [[[0, 1, 2, 3, 4, 5, 6, 7, 8], '^^<'], 8, 4, 3, True], [[[0, 1, 2, 3, 4, 5, 6, 7, 8], '<^<v>v<^^'], 30, 18, 9, True], [[[0, 1, 2, 3, 4, 5, 6, 7, 8], '<^<'], 8, 4, 3, True], [[[0, 1, 2, 3, 4, 5, 6, 7, 8], '^^>v<v<^^'], 42, 23, 9, True], [[[0, 1, 2, 3, 4, 5, 6, 7, 8], 'v>^<<^'], 17, 9, 6, True], [[[0, 1, 2, 3, 4, 5, 6, 7, 8], '<^>v<^'], 24, 12, 6, True], [[[0, 1, 2, 3, 4, 5, 6, 7, 8], '^'], 3, 2, 1, True], [[[0, 1, 2, 3, 4, 5, 6, 7, 8], '<'], 3, 2, 1, True], [[[0, 1, 2, 3, 4, 5, 6, 7, 8], '^>>^<v<^'], 22, 12, 8, True], [[[0, 1, 2, 3, 4, 5, 6, 7, 8], 'vv<^^'], 11, 6, 5, True], [[[0, 1, 2, 3, 4, 5, 6, 7, 8], '^'], 3, 2, 1, True], [[[0, 1, 2, 3, 4, 5, 6, 7, 8], 'v<^>>vv<^^<'], 48, 27, 11, True], [[[0, 1, 2, 3, 4, 5, 6, 7, 8], '<^>>v<^<'], 28, 16, 8, True], [[[0, 1, 2, 3, 4, 5, 6, 7, 8], '^>^>vv<^^<'], 21, 12, 10, True], [[[0, 1, 2, 3, 4, 5, 6, 7, 8], '^<^'], 8, 4, 3, True], [[[0, 1, 2, 3, 4, 5, 6, 7, 8], '<v>^<'], 11, 6, 5, True], [[[0, 1, 2, 3, 4, 5, 6, 7, 8], '>v<^^'], 12, 7, 5, True], [[[0, 1, 2, 3, 4, 5, 6, 7, 8], 'v<<v>>^<v<^^'], 79, 47, 12, True], [[[0, 1, 2, 3, 4, 5, 6, 7, 8], 'v<^>vv<^<^'], 26, 15, 10, True], [[[0, 1, 2, 3, 4, 5, 6, 7, 8], '<<^'], 8, 4, 3, True], [[[0, 1, 2, 3, 4, 5, 6, 7, 8], '>>vv<<^^'], 13, 9, 8, True], [[[0, 1, 2, 3, 4, 5, 6, 7, 8], 'v<^^'], 9, 5, 4, True], [[[0, 1, 2, 3, 4, 5, 6, 7, 8], '<^^>v<v>^<^<'], 70, 40, 12, True], [[[0, 1, 2, 3, 4, 5, 6, 7, 8], '<^>v>^<<^'], 32, 17, 9, True], [[[0, 1, 2, 3, 4, 5, 6, 7, 8], '^>^<'], 9, 5, 4, True], [[[0, 1, 2, 3, 4, 5, 6, 7, 8], '<^^>v<^<'], 18, 10, 8, True], [[[0, 1, 2, 3, 4, 5, 6, 7, 8], '<<v>^<'], 12, 7, 6, True], [[[0, 1, 2, 3, 4, 5, 6, 7, 8], '<^^'], 6, 4, 3, True], [[[0, 1, 2, 3, 4, 5, 6, 7, 8], 'vv>^^<'], 12, 7, 6, True], [[[0, 1, 2, 3, 4, 5, 6, 7, 8], '^<v<^>>v<v<^^'], 87, 50, 13, True], [[[0, 1, 2, 3, 4, 5, 6, 7, 8], '>v>^<<'], 14, 8, 6, True], [[[0, 1, 2, 3, 4, 5, 6, 7, 8], '^^>>v<<^'], 15, 9, 8, True], [[[0, 1, 2, 3, 4, 5, 6, 7, 8], '<<v>v>^<^<'], 23, 13, 10, True], [[[0, 1, 2, 3, 4, 5, 6, 7, 8], '<v>^^>v<<^'], 45, 24, 10, True], [[[0, 1, 2, 3, 4, 5, 6, 7, 8], '>^<^<'], 11, 6, 5, True], [[[0, 1, 2, 3, 4, 5, 6, 7, 8], '^>v<<^^'], 18, 11, 7, True], [[[0, 1, 2, 3, 4, 5, 6, 7, 8], '>^<^>v<^'], 27, 14, 8, True], [[[0, 1, 2, 3, 4, 5, 6, 7, 8], '>^^<'], 9, 5, 4, True], [[[0, 1, 2, 3, 4, 5, 6, 7, 8], '<^^'], 6, 4, 3, True], [[[0, 1, 2, 3, 4, 5, 6, 7, 8], '<^>^<v<^'], 20, 11, 8, True], [[[0, 1, 2, 3, 4, 5, 6, 7, 8], '<v<^'], 9, 5, 4, True], [[[0, 1, 2, 3, 4, 5, 6, 7, 8], 'vv<<^^'], 10, 7, 6, True], [[[0, 1, 2, 3, 4, 5, 6, 7, 8], '<v>>v<<^^'], 27, 16, 9, True], [[[0, 1, 2, 3, 4, 5, 6, 7, 8], '>v<v>>^^<<'], 30, 18, 10, True], [[[0, 1, 2, 3, 4, 5, 6, 7, 8], '^<v>>^^<<'], 24, 15, 9, True], [[[0, 1, 2, 3, 4, 5, 6, 7, 8], '^^>>v<v<^^'], 18, 11, 10, True], [[[0, 1, 2, 3, 4, 5, 6, 7, 8], '>v>^<<'], 14, 8, 6, True], [[[0, 1, 2, 3, 4, 5, 6, 7, 8], '>>v<<^^'], 15, 9, 7, True], [[[0, 1, 2, 3, 4, 5, 6, 7, 8], '^<<'], 6, 4, 3, True], [[[0, 1, 2, 3, 4, 5, 6, 7, 8], '^<^<'], 9, 5, 4, True], [[[0, 1, 2, 3, 4, 5, 6, 7, 8], '^<v>^>v<^<'], 40, 22, 10, True], [[[0, 1, 2, 3, 4, 5, 6, 7, 8], 'v>v<^>^<'], 20, 11, 8, True], [[[0, 1, 2, 3, 4, 5, 6, 7, 8], '^<^'], 8, 4, 3, True], [[[0, 1, 2, 3, 4, 5, 6, 7, 8], '>v<^'], 9, 5, 4, True], [[[0, 1, 2, 3, 4, 5, 6, 7, 8], '<v>^<^'], 15, 8, 6, True], [[[0, 1, 2, 3, 4, 5, 6, 7, 8], '<^<^>vv<^^'], 30, 17, 10, True], [[[0, 1, 2, 3, 4, 5, 6, 7, 8], '^^'], 4, 3, 2, True], [[[0, 1, 2, 3, 4, 5, 6, 7, 8], '<^>v<<^'], 19, 10, 7, True], [[[0, 1, 2, 3, 4, 5, 6, 7, 8], 'v<^^>v<<^>>v<<^'], 103, 61, 15, True], [[[0, 1, 2, 3, 4, 5, 6, 7, 8], '^'], 3, 2, 1, True], [[[0, 1, 2, 3, 4, 5, 6, 7, 8], '<v>^<'], 11, 6, 5, True], [[[0, 1, 2, 3, 4, 5, 6, 7, 8], '<^<'], 8, 4, 3, True], [[[0, 1, 2, 3, 4, 5, 6, 7, 8], '<'], 3, 2, 1, True], [[[0, 1, 2, 3, 4, 5, 6, 7, 8], '>^<<^'], 11, 6, 5, True], [[[0, 1, 2, 3, 4, 5, 6, 7, 8], '<^'], 6, 3, 2, True], [[[0, 1, 2, 3, 4, 5, 6, 7, 8], '>^<v>>^<v<^'], 67, 39, 11, True], [[[0, 1, 2, 3, 4, 5, 6, 7, 8], '<^'], 6, 3, 2, True], [[[0, 1, 2, 3, 4, 5, 6, 7, 8], '>^<v>^^<<v>^<'], 58, 34, 13, True], [[[0, 1, 2, 3, 4, 5, 6, 7, 8], 'vv<^>^<'], 20, 11, 7, True], [[[0, 1, 2, 3, 4, 5, 6, 7, 8], 'v<^<vv>^^<'], 26, 15, 10, True], [[[0, 1, 2, 3, 4, 5, 6, 7, 8], '<'], 3, 2, 1, True], [[[0, 1, 2, 3, 4, 5, 6, 7, 8], '<^>v<v>^^<<'], 69, 41, 11, True], [[[0, 1, 2, 3, 4, 5, 6, 7, 8], '>^^<'], 9, 5, 4, True], [[[0, 1, 2, 3, 4, 5, 6, 7, 8], '<^<^'], 9, 5, 4, True], [[[0, 1, 2, 3, 4, 5, 6, 7, 8], '>vv<^<^'], 14, 8, 7, True], [[[0, 1, 2, 3, 4, 5, 6, 7, 8], '<v<^^'], 11, 6, 5, True], [[[0, 1, 2, 3, 4, 5, 6, 7, 8], 'v<v<^^'], 12, 7, 6, True], [[[0, 1, 2, 3, 4, 5, 6, 7, 8], '^<vv<^^'], 14, 8, 7, True], [[[0, 1, 2, 3, 4, 5, 6, 7, 8], 'v>^^<<'], 12, 7, 6, True], [[[0, 1, 2, 3, 4, 5, 6, 7, 8], '^<v>v<^^'], 28, 16, 8, True]]